3 0.7953125 0.5359375 0.15078125 0.22109375
3 0.684375 0.6765625 0.2015625 0.2890625
3 0.6703125 0.44140625 0.2265625 0.1921875
3 0.75546875 0.3234375 0.18515625 0.20859375
3 0.5171875 0.37578125 0.18984375 0.22890625
3 0.575 0.19296875 0.1859375 0.18125
3 0.38671875 0.23984375 0.19453125 0.225
3 0.38203125 0.4640625 0.1953125 0.2203125
3 0.54140625 0.58125 0.16171875 0.18203125
3 0.46484375 0.73984375 0.1828125 0.228125
3 0.30703125 0.6484375 0.20546875 0.21015625
3 0.23515625 0.4921875 0.15078125 0.2046875
3 0.27578125 0.32734375 0.096875 0.12265625